1639 800
560 2 1
720 3 1
840 1 6
1040 6 8
1610 800 4
1621 800 7
800 920 1
800 960 1
800 1080 1
800 1303 2
800 1496 3
800 1600 1
800 1622 1
800 1624 2
440 6 7
1520 1 7
1607 6 5
1611 5 4
320 2 7
1630 1 6
160 2 6
800 1 10
595 1 5
1601 22 6
2 1 7
1 41 6
3 2 7
2 42 6
3 4 5
43 3 6
5 4 5
44 4 5
45 5 5
6 7 7
7 8 7
8 9 5
10 9 5
9 49 7
11 10 7
10 50 5
11 12 7
11 51 7
12 13 6
12 52 5
14 15 7
16 15 5
15 55 6
16 17 6
16 56 5
17 57 5
19 18 6
58 18 5
19 20 6
59 19 7
20 21 7
20 60 6
21 61 5
23 24 5
63 23 5
24 25 7
64 24 7
26 25 6
25 65 6
27 26 5
26 66 7
28 27 5
28 29 7
68 28 7
29 30 7
29 69 6
30 31 6
30 70 7
31 32 6
31 71 6
32 33 6
72 32 6
34 33 7
73 33 5
34 35 5
34 74 7
35 36 5
75 35 5
37 36 6
36 76 5
38 37 5
77 37 7
39 38 7
38 78 7
40 39 7
79 39 7
42 41 5
42 43 6
42 82 7
43 44 5
43 83 7
44 45 7
84 44 5
46 45 7
85 45 7
47 46 6
86 46 7
87 47 6
48 49 6
48 88 6
49 50 5
89 49 6
51 50 6
90 50 5
51 52 6
91 51 5
92 52 6
54 53 7
53 93 5
94 54 7
55 56 6
95 55 6
56 57 5
57 58 5
97 57 7
58 59 7
58 98 7
59 99 6
62 61 7
101 61 6
63 62 6
102 62 7
103 63 6
64 65 7
66 65 7
105 65 6
66 67 6
106 66 5
68 67 6
67 107 5
68 69 6
70 69 7
69 109 7
70 71 7
110 70 5
71 72 5
71 111 7
72 73 7
72 112 7
74 73 7
113 73 5
74 75 6
74 114 6
75 76 7
75 115 7
77 76 6
116 76 5
78 77 5
77 117 6
79 78 7
78 118 5
80 79 6
79 119 6
82 81 5
121 81 7
82 83 7
84 83 6
84 124 5
85 125 5
87 86 6
126 86 5
88 87 6
127 87 7
89 88 5
88 128 5
89 90 6
130 90 6
91 92 6
91 131 7
93 92 5
92 132 5
93 94 6
133 93 5
94 95 7
134 94 6
96 97 6
98 97 6
97 137 6
98 99 7
98 138 5
139 99 6
100 101 5
101 102 5
102 103 7
102 142 7
104 103 6
103 143 5
105 104 7
144 104 7
145 105 7
106 107 6
107 108 7
147 107 6
109 108 7
108 148 6
110 109 7
149 109 7
110 111 5
110 150 6
112 111 6
151 111 7
113 112 6
152 112 7
113 153 6
115 114 5
114 154 7
115 116 6
115 155 7
116 117 7
156 116 7
118 117 7
157 117 7
119 118 6
119 120 6
159 119 6
122 121 6
121 161 6
162 122 7
124 123 5
123 163 6
125 124 7
124 164 7
125 126 5
125 165 5
126 127 5
127 128 6
167 127 6
128 129 5
128 168 5
129 130 7
130 131 6
170 130 5
132 131 5
131 171 7
132 133 5
172 132 6
134 133 6
134 135 5
136 135 5
137 136 6
176 136 6
137 138 6
177 137 5
139 138 7
178 138 6
139 140 6
139 179 6
140 141 7
142 141 6
143 142 5
182 142 7
143 144 5
144 145 6
184 144 7
146 145 7
145 185 6
147 146 6
186 146 6
148 147 5
147 187 6
148 188 7
150 149 6
149 189 5
151 150 7
150 190 5
151 152 5
191 151 7
192 152 7
154 155 5
154 194 5
155 156 6
195 155 6
156 157 6
156 196 7
157 158 6
197 157 6
159 158 6
158 198 5
199 159 6
161 162 5
163 162 6
162 202 5
163 164 5
164 165 6
204 164 6
165 166 5
165 205 7
206 166 7
168 167 7
207 167 6
168 169 5
208 168 7
169 209 7
170 171 7
210 170 6
171 211 7
173 172 6
212 172 7
174 173 5
213 173 5
174 175 5
174 214 7
175 176 6
215 175 7
177 176 6
176 216 6
178 177 7
217 177 6
218 178 5
179 180 7
179 219 7
180 181 7
181 182 6
182 183 6
182 222 7
184 183 5
185 184 5
186 185 5
186 187 7
186 226 7
188 187 5
187 227 5
188 189 7
188 228 6
189 190 5
189 229 6
191 190 6
190 230 6
191 231 7
232 192 7
193 194 5
193 233 5
195 194 5
194 234 5
196 195 5
196 197 6
236 196 6
198 197 7
197 237 5
199 198 6
238 198 6
200 199 5
199 239 7
202 201 5
241 201 7
202 203 7
202 242 7
203 204 5
243 203 5
244 204 5
205 206 7
245 205 7
206 207 5
208 207 5
247 207 7
248 208 7
209 210 5
209 249 7
210 211 5
250 210 5
211 212 6
213 212 7
213 214 5
213 253 7
214 215 6
254 214 5
215 216 6
255 215 6
216 217 6
216 256 5
217 218 6
257 217 7
258 218 7
219 220 6
219 259 7
220 221 6
220 260 5
221 222 7
223 222 7
263 223 5
225 224 6
224 264 7
226 225 6
265 225 5
226 227 5
266 226 5
227 228 5
267 227 7
229 228 6
268 228 6
230 229 5
229 269 6
231 232 6
271 231 5
232 233 5
232 272 5
234 233 6
234 235 6
235 236 7
275 235 6
236 237 7
236 276 5
238 237 6
237 277 5
239 238 7
240 239 5
239 279 7
242 241 5
241 281 7
243 242 6
282 242 5
243 283 5
245 244 6
244 284 7
246 245 5
245 285 5
286 246 6
248 247 5
247 287 6
249 248 5
288 248 5
250 249 5
249 289 5
251 250 6
251 252 7
291 251 7
252 292 6
255 254 7
254 294 6
256 255 7
295 255 6
257 256 5
257 258 7
257 297 5
259 258 6
260 259 5
259 299 7
261 260 7
262 261 5
301 261 7
263 262 7
262 302 7
264 263 5
303 263 5
304 264 7
267 266 7
266 306 6
267 268 5
267 307 7
268 269 5
308 268 7
270 269 6
269 309 5
271 270 7
310 270 7
271 272 5
272 273 6
273 274 7
273 313 7
275 274 7
274 314 6
275 276 5
315 275 6
277 276 6
277 317 6
278 279 7
318 278 6
279 280 5
281 282 6
321 281 7
283 282 7
283 284 5
323 283 7
285 284 6
284 324 5
286 285 5
286 287 7
286 326 7
288 287 7
327 287 7
289 288 5
328 288 5
329 289 7
291 290 6
290 330 7
292 291 6
331 291 6
292 293 5
294 293 6
293 333 5
295 294 5
334 294 6
296 295 7
335 295 7
297 296 7
336 296 6
297 298 7
297 337 7
299 298 7
298 338 6
299 300 6
299 339 5
300 340 6
302 301 5
301 341 5
302 303 7
343 303 7
305 304 7
344 304 5
306 305 5
307 306 5
307 308 6
347 307 7
308 309 5
308 348 6
310 309 5
309 349 7
311 310 7
310 350 5
311 312 7
351 311 5
313 312 7
312 352 7
313 314 5
313 353 5
314 315 6
314 354 5
315 316 5
355 315 5
317 316 7
316 356 7
317 318 6
317 357 5
318 319 6
359 319 6
323 322 5
322 362 7
323 324 6
363 323 5
324 325 6
364 324 6
325 326 6
365 325 7
327 326 7
326 366 5
327 367 6
328 329 5
331 330 5
370 330 5
331 332 5
331 371 7
372 332 5
334 333 6
373 333 6
374 334 6
336 335 7
375 335 5
337 336 5
376 336 5
338 337 5
337 377 5
338 339 7
340 339 6
379 339 6
340 341 6
340 380 6
342 341 7
381 341 5
342 343 6
382 342 7
383 343 5
345 344 6
344 384 5
345 346 7
345 385 5
386 346 7
347 348 5
387 347 7
348 349 7
388 348 5
350 349 7
349 389 6
350 390 7
352 351 6
352 353 6
392 352 7
354 353 7
353 393 7
355 354 5
354 394 7
355 395 6
356 357 7
357 358 7
357 397 5
359 358 6
359 360 6
399 359 5
361 362 5
401 361 6
362 402 6
363 364 5
363 403 5
365 364 6
404 364 5
366 365 7
367 366 7
366 406 5
367 368 5
407 367 6
369 368 7
370 369 7
369 409 5
371 370 5
410 370 6
371 411 7
372 412 7
374 373 7
374 375 6
414 374 6
415 375 6
377 376 7
376 416 5
377 378 7
377 417 7
379 378 7
378 418 7
380 379 5
379 419 6
380 381 6
380 420 6
381 382 7
381 421 6
382 383 6
382 422 7
383 384 5
383 423 5
385 384 7
384 424 5
385 386 6
425 385 5
387 388 7
387 427 7
389 388 6
389 390 7
389 429 7
390 391 6
390 430 7
391 392 6
391 431 7
392 393 6
392 432 5
394 393 5
395 394 5
434 394 7
395 396 6
435 395 6
397 396 6
398 397 7
397 437 5
399 398 5
438 398 7
400 399 6
399 439 7
402 401 5
402 403 7
442 402 5
403 404 5
443 403 5
404 444 7
405 406 7
405 445 5
406 407 5
408 407 7
407 447 6
408 409 6
448 408 6
410 409 6
409 449 5
411 410 5
410 450 6
411 412 5
411 451 7
452 412 6
413 414 5
413 453 7
415 414 7
416 415 7
455 415 6
417 416 6
456 416 7
417 418 7
418 419 6
418 458 6
459 419 7
420 421 7
420 460 5
421 422 6
422 423 6
423 424 7
423 463 5
425 424 5
464 424 7
465 425 7
426 427 5
426 466 6
428 427 7
427 467 6
428 429 5
468 428 7
429 430 5
469 429 6
432 431 6
471 431 6
432 433 7
472 432 7
434 433 6
473 433 6
435 436 6
475 435 7
436 437 6
436 476 7
437 438 7
477 437 7
439 438 6
438 478 5
479 439 7
441 481 6
442 443 6
482 442 7
444 443 5
483 443 5
444 445 7
444 484 6
446 445 6
445 485 6
447 446 6
446 486 5
447 448 5
487 447 6
449 448 6
451 450 5
490 450 7
451 452 5
491 451 6
452 453 7
492 452 6
453 454 6
454 455 6
454 494 5
456 455 5
495 455 6
457 456 5
496 456 5
457 458 6
457 497 6
458 459 6
458 498 5
459 460 7
499 459 6
460 461 5
460 500 5
462 461 6
462 463 6
462 502 5
464 463 7
503 463 7
464 504 7
466 465 6
466 467 6
466 506 6
468 467 7
507 467 7
468 469 7
508 468 7
509 469 7
471 470 7
470 510 6
471 472 5
511 471 6
472 473 5
473 474 6
473 513 6
474 475 6
474 514 6
476 475 6
515 475 5
476 477 7
476 516 6
477 478 7
517 477 5
479 478 5
518 478 5
479 480 5
519 479 6
482 481 7
481 521 5
482 483 6
522 482 5
483 484 7
523 483 5
485 484 5
484 524 5
485 525 5
486 487 7
526 486 7
487 488 5
527 487 7
489 488 6
488 528 6
489 490 7
529 489 6
491 490 6
490 530 6
491 531 7
492 493 5
532 492 6
494 493 7
493 533 5
495 494 6
496 497 7
536 496 7
497 498 7
537 497 7
499 498 7
498 538 7
499 539 7
501 500 7
502 501 5
501 541 6
503 504 5
505 504 7
544 504 6
506 505 5
505 545 6
506 507 7
507 508 6
509 508 7
508 548 6
510 509 5
509 549 6
511 512 5
511 551 7
512 513 7
552 512 7
513 553 5
514 515 6
514 554 6
515 555 5
517 516 6
517 518 6
557 517 6
519 518 6
518 558 7
520 519 6
559 519 6
521 522 5
521 561 7
562 522 7
523 524 7
563 523 7
524 525 6
524 564 6
525 526 6
565 525 7
526 566 7
527 528 7
567 527 6
529 528 5
568 528 5
530 531 6
570 530 6
532 531 6
531 571 6
533 532 5
532 572 5
533 534 6
533 573 7
535 534 6
534 574 5
536 535 7
535 575 6
576 536 6
537 538 6
538 539 5
578 538 5
540 539 6
579 539 5
541 540 5
580 540 5
541 581 7
543 542 7
542 582 6
544 543 6
583 543 6
544 545 5
584 544 7
546 545 5
545 585 5
586 546 5
548 547 7
549 548 5
588 548 7
549 550 6
589 549 7
551 550 6
590 550 5
551 591 5
552 553 7
592 552 6
593 553 5
554 555 6
555 556 6
555 595 7
556 557 6
557 558 7
557 597 5
559 558 6
598 558 5
559 599 7
561 562 7
601 561 7
562 563 7
602 562 6
564 563 7
563 603 5
564 565 7
564 604 6
565 566 7
565 605 7
566 567 7
566 606 5
567 568 6
567 607 5
569 568 5
608 568 7
569 570 5
569 609 7
610 570 7
571 572 7
572 573 6
612 572 6
613 573 7
574 575 5
574 614 7
575 576 6
575 615 7
576 616 7
578 577 7
617 577 5
618 578 7
580 581 7
620 580 7
581 621 7
582 583 7
582 622 5
583 584 6
583 623 7
584 585 7
624 584 5
587 586 5
588 587 7
628 588 7
589 590 6
589 629 5
590 591 6
591 592 7
591 631 5
593 592 6
632 592 7
593 633 7
595 594 7
596 595 5
635 595 5
597 596 6
596 636 7
598 597 5
597 637 7
599 598 6
638 598 7
600 599 7
599 639 6
602 601 7
602 603 7
602 642 7
604 603 5
643 603 5
605 604 7
644 604 5
605 606 7
605 645 6
607 606 7
606 646 5
608 607 5
607 647 6
608 609 5
608 648 7
610 609 7
649 609 7
650 610 5
651 611 7
652 612 6
614 613 6
653 613 7
614 615 7
654 614 7
655 615 6
617 616 7
656 616 6
617 618 6
657 617 5
618 619 5
618 658 6
620 619 5
619 659 5
620 621 7
622 621 5
661 621 5
623 624 7
623 663 6
624 625 5
664 624 7
665 625 6
626 666 7
628 627 6
667 627 5
628 629 7
629 630 6
669 629 7
630 631 5
630 670 7
632 631 7
631 671 7
632 633 5
632 672 6
634 633 5
633 673 6
635 634 7
634 674 6
636 635 5
675 635 7
637 636 6
676 636 5
638 637 5
677 637 6
639 638 7
640 639 7
639 679 5
641 642 7
682 642 7
643 644 7
683 643 6
644 645 6
645 646 7
685 645 6
646 647 5
686 646 7
649 648 6
648 688 5
650 649 6
651 650 6
650 690 5
652 651 7
652 653 6
652 692 6
654 653 6
653 693 5
655 654 7
694 654 5
655 695 7
656 657 7
656 696 7
658 657 5
697 657 7
698 658 5
659 660 6
659 699 7
660 661 7
700 660 7
661 662 7
663 662 7
662 702 7
664 663 6
703 663 5
665 664 6
705 665 7
666 667 5
706 666 7
668 667 7
667 707 5
668 669 7
668 708 5
670 669 7
709 669 7
670 671 6
670 710 5
672 671 5
711 671 5
673 672 5
672 712 5
673 713 7
675 674 5
674 714 7
676 675 5
676 677 7
716 676 5
678 677 5
677 717 6
679 678 6
678 718 5
680 679 6
719 679 5
681 682 6
721 681 5
682 683 7
682 722 5
684 683 5
683 723 5
684 685 5
684 724 5
685 686 7
725 685 5
686 687 5
686 726 7
687 727 7
689 690 5
691 690 6
691 692 6
731 691 7
692 693 7
732 692 7
693 694 7
693 733 7
734 694 6
695 696 5
695 735 7
696 697 5
697 698 6
698 699 7
738 698 5
699 700 5
699 739 7
700 701 5
740 700 7
702 701 7
741 701 5
703 702 7
702 742 6
703 704 5
705 704 5
704 744 5
705 745 5
706 746 6
708 707 5
747 707 7
708 709 5
748 708 5
710 709 7
709 749 6
710 711 6
710 750 7
713 712 5
712 752 7
713 714 5
755 715 5
716 717 6
716 756 7
757 717 6
719 718 5
718 758 6
721 722 5
761 721 6
723 722 5
762 722 7
724 723 7
723 763 7
725 724 6
764 724 5
726 725 7
765 725 5
727 726 5
766 726 5
728 727 6
727 767 6
728 729 5
728 768 7
730 729 7
729 769 6
730 731 6
730 770 7
731 732 7
731 771 7
732 733 6
772 732 5
733 734 5
735 734 5
774 734 6
736 735 7
737 736 5
776 736 7
737 738 6
778 738 7
740 739 5
740 741 6
780 740 6
742 741 5
781 741 6
743 742 7
782 742 7
743 744 6
785 745 6
746 786 5
748 747 7
787 747 5
748 749 6
748 788 6
750 749 5
789 749 7
750 751 7
750 790 6
751 752 7
791 751 5
752 753 6
792 752 5
753 754 7
753 793 7
755 754 6
754 794 7
755 756 6
795 755 7
757 756 6
756 796 7
758 757 5
797 757 5
758 759 7
798 758 6
760 759 5
761 801 7
762 763 6
802 762 5
763 764 5
764 765 7
804 764 6
765 766 6
765 805 7
806 766 5
767 768 5
767 807 7
768 769 6
808 768 6
809 769 5
770 771 5
810 770 5
772 771 6
811 771 6
774 773 5
773 813 7
814 774 7
775 776 6
815 775 5
777 776 6
776 816 6
778 777 6
777 817 6
779 778 7
818 778 5
779 819 7
781 780 6
820 780 5
781 782 5
821 781 5
783 782 7
782 822 5
784 783 5
783 823 6
785 784 5
784 824 6
785 786 6
785 825 7
786 787 6
786 826 6
787 788 6
787 827 5
788 789 5
789 790 7
829 789 6
790 791 7
830 790 7
791 792 6
831 791 6
793 792 6
794 793 5
833 793 5
795 794 5
834 794 6
795 796 6
835 795 5
797 796 6
797 798 7
798 799 7
798 838 7
799 839 6
842 802 6
804 803 6
804 805 7
844 804 5
845 805 5
806 807 7
808 807 5
847 807 5
808 809 5
848 808 5
809 810 5
849 809 6
810 850 5
811 812 7
811 851 7
812 813 6
852 812 7
813 814 7
853 813 5
814 815 7
814 854 6
815 816 6
816 856 7
857 817 5
819 818 5
858 818 6
819 859 5
820 821 5
860 820 6
821 822 5
821 861 7
822 823 7
822 862 6
824 823 5
823 863 5
824 864 5
826 825 5
825 865 6
827 826 7
826 866 5
827 828 7
828 829 5
868 828 5
830 831 6
870 830 5
831 832 7
871 831 6
833 832 7
832 872 6
833 834 7
833 873 7
834 835 6
834 874 6
835 836 5
836 876 6
837 838 7
877 837 7
839 838 5
839 879 6
841 881 6
843 842 5
843 883 7
844 845 5
884 844 6
845 846 5
845 885 6
847 846 5
886 846 7
848 847 7
848 849 6
848 888 5
849 850 7
850 851 7
851 852 7
853 852 5
854 853 5
853 893 6
854 855 5
854 894 7
895 855 7
856 896 7
857 858 7
897 857 6
858 898 5
859 899 7
860 861 6
900 860 6
901 861 5
862 902 6
864 863 5
863 903 6
865 864 7
904 864 7
865 866 7
905 865 7
867 866 6
867 868 5
907 867 5
868 908 7
870 869 6
869 909 5
870 871 5
870 910 5
872 871 6
871 911 6
872 873 7
912 872 6
873 913 7
915 875 7
877 876 5
876 916 7
877 878 7
878 918 7
879 880 7
919 879 5
882 881 6
921 881 7
922 882 5
883 884 5
923 883 5
885 884 5
924 884 5
886 885 6
885 925 5
886 926 5
887 888 6
927 887 6
888 928 5
889 890 6
889 929 5
891 890 7
890 930 6
891 892 6
891 931 7
893 892 6
932 892 7
894 893 6
933 893 7
896 895 6
935 895 6
897 896 6
936 896 5
897 898 6
937 897 5
898 899 6
898 938 5
899 900 7
899 939 6
900 901 5
940 900 6
902 901 5
941 901 5
902 903 7
942 902 5
903 904 6
943 903 5
904 905 6
904 944 5
905 906 7
907 906 6
908 907 7
908 909 7
948 908 7
909 949 7
910 911 7
910 950 7
912 913 6
914 913 5
913 953 5
914 915 7
914 954 5
915 916 7
955 915 5
917 916 7
916 956 6
917 918 5
917 957 5
958 918 6
959 919 6
961 921 7
923 922 7
962 922 6
924 923 7
923 963 5
924 925 5
924 964 6
926 925 6
965 925 6
926 927 5
966 926 5
928 927 5
927 967 7
928 929 5
928 968 7
929 930 7
929 969 7
931 930 6
970 930 7
932 931 6
971 931 5
932 972 7
933 934 6
933 973 7
935 934 6
974 934 5
935 975 5
937 936 5
976 936 5
977 937 5
939 938 6
978 938 5
940 939 5
941 981 5
982 942 7
944 943 7
983 943 5
944 945 6
944 984 7
946 945 5
946 947 6
986 946 5
947 987 7
949 948 5
988 948 7
950 949 7
950 951 7
950 990 7
951 952 5
991 951 7
953 952 5
952 992 6
954 953 5
993 953 5
954 955 6
954 994 5
955 956 5
995 955 5
996 956 7
957 958 5
997 957 7
958 998 6
999 959 7
961 1001 5
962 1002 6
963 964 7
1003 963 5
966 967 6
966 1006 6
967 968 5
968 1008 7
969 1009 7
970 1010 7
1011 971 7
972 1012 5
974 973 5
973 1013 7
975 974 5
974 1014 6
975 1015 6
976 977 7
977 978 5
977 1017 5
978 979 7
1018 978 7
1019 979 5
980 981 7
980 1020 5
982 981 5
1021 981 7
982 983 5
982 1022 6
984 983 5
983 1023 7
985 984 5
984 1024 7
986 987 6
1026 986 5
1027 987 7
989 988 5
988 1028 7
990 989 5
989 1029 6
991 990 5
1030 990 7
991 1031 5
992 993 6
1032 992 7
994 993 5
993 1033 7
994 995 5
995 996 7
996 997 6
998 997 7
1037 997 7
999 998 5
1038 998 5
1000 999 7
1039 999 6
1041 1001 6
1003 1002 5
1002 1042 6
1043 1003 5
1004 1005 7
1004 1044 7
1006 1005 7
1005 1045 6
1006 1007 7
1006 1046 7
1007 1008 5
1007 1047 6
1008 1009 5
1008 1048 6
1010 1009 7
1011 1010 7
1050 1010 5
1012 1011 7
1013 1012 7
1012 1052 6
1013 1014 6
1013 1053 7
1015 1014 5
1014 1054 5
1015 1016 7
1055 1015 7
1016 1017 5
1056 1016 5
1018 1058 7
1019 1020 7
1020 1060 7
1021 1022 6
1023 1024 7
1063 1023 5
1025 1024 7
1024 1064 6
1065 1025 7
1027 1026 5
1066 1026 6
1027 1028 5
1067 1027 7
1028 1029 6
1028 1068 6
1029 1030 5
1069 1029 5
1030 1031 6
1070 1030 5
1031 1071 7
1032 1033 7
1072 1032 5
1033 1034 7
1073 1033 5
1034 1035 5
1074 1034 7
1036 1035 6
1037 1036 7
1076 1036 5
1038 1037 5
1038 1039 5
1079 1039 5
1041 1042 7
1041 1081 5
1042 1082 7
1043 1044 7
1083 1043 7
1045 1044 6
1084 1044 7
1045 1085 5
1047 1046 7
1048 1047 7
1047 1087 7
1048 1049 7
1088 1048 6
1049 1050 6
1089 1049 7
1050 1051 7
1090 1050 6
1051 1052 5
1051 1091 5
1053 1052 6
1092 1052 6
1053 1054 6
1053 1093 6
1054 1055 5
1056 1055 6
1055 1095 5
1056 1057 7
1057 1058 5
1097 1057 5
1059 1058 5
1098 1058 6
1059 1060 6
1060 1061 6
1060 1100 7
1061 1062 7
1101 1061 7
1063 1062 5
1064 1063 5
1063 1103 5
1064 1065 5
1064 1104 7
1065 1066 6
1065 1105 5
1067 1066 7
1068 1067 7
1068 1069 6
1108 1068 5
1069 1070 5
1069 1109 6
1070 1071 5
1111 1071 7
1072 1073 5
1072 1112 6
1073 1113 6
1075 1074 5
1074 1114 6
1076 1075 7
1075 1115 7
1116 1076 5
1077 1078 6
1117 1077 5
1078 1079 7
1118 1078 6
1081 1082 6
1081 1121 7
1083 1082 5
1122 1082 7
1083 1084 5
1123 1083 7
1085 1084 5
1124 1084 5
1085 1086 6
1125 1085 5
1086 1087 7
1086 1126 6
1088 1087 6
1127 1087 6
1088 1089 5
1089 1090 7
1089 1129 6
1090 1091 6
1090 1130 6
1091 1092 5
1091 1131 7
1092 1093 7
1132 1092 6
1094 1093 6
1093 1133 5
1094 1095 5
1134 1094 5
1095 1135 6
1096 1097 6
1097 1098 5
1097 1137 7
1099 1098 7
1100 1099 6
1139 1099 5
1101 1100 5
1100 1140 7
1102 1101 7
1141 1101 7
1102 1103 5
1102 1142 6
1104 1103 7
1143 1103 5
1104 1105 5
1104 1144 5
1106 1105 6
1105 1145 7
1106 1107 6
1107 1108 5
1147 1107 5
1109 1110 6
1109 1149 6
1110 1111 6
1150 1110 5
1111 1112 5
1151 1111 6
1112 1113 5
1112 1152 7
1114 1113 6
1115 1114 6
1114 1154 5
1117 1116 7
1156 1116 6
1118 1117 6
1117 1157 7
1118 1158 7
1120 1119 7
1119 1159 6
1122 1121 5
1121 1161 7
1122 1123 6
1162 1122 5
1123 1124 7
1163 1123 5
1125 1124 5
1124 1164 6
1125 1126 6
1165 1125 7
1126 1127 7
1166 1126 5
1128 1127 5
1127 1167 6
1129 1169 7
1130 1131 5
1131 1132 6
1171 1131 5
1132 1133 7
1172 1132 7
1133 1134 5
1133 1173 6
1135 1134 5
1174 1134 7
1137 1136 6
1136 1176 7
1177 1137 5
1178 1138 7
1139 1140 5
1141 1140 5
1180 1140 6
1141 1142 5
1181 1141 5
1182 1142 6
1183 1143 7
1144 1145 5
1184 1144 6
1145 1185 6
1147 1146 6
1146 1186 5
1148 1147 5
1147 1187 6
1148 1149 6
1188 1148 5
1149 1150 7
1149 1189 6
1150 1151 5
1190 1150 6
1152 1151 7
1191 1151 5
1152 1153 5
1192 1152 6
1154 1153 7
1193 1153 7
1154 1194 6
1155 1156 7
1195 1155 5
1157 1156 5
1196 1156 7
1157 1158 6
1197 1157 6
1158 1159 5
1198 1158 7
1159 1160 7
1159 1199 5
1161 1162 7
1161 1201 7
1163 1162 6
1202 1162 7
1164 1163 7
1203 1163 5
1165 1164 5
1164 1204 5
1165 1166 6
1165 1205 7
1167 1166 6
1166 1206 7
1168 1167 7
1207 1167 7
1168 1169 5
1168 1208 7
1170 1169 6
1209 1169 6
1210 1170 6
1211 1171 5
1173 1172 7
1172 1212 5
1213 1173 7
1175 1176 6
1215 1175 7
1176 1177 6
1176 1216 7
1178 1177 6
1217 1177 5
1218 1178 5
1180 1179 5
1179 1219 5
1181 1180 5
1181 1182 7
1181 1221 7
1183 1182 5
1182 1222 7
1184 1183 7
1185 1184 6
1184 1224 7
1186 1185 6
1185 1225 7
1186 1187 7
1226 1186 7
1187 1188 6
1187 1227 5
1188 1189 5
1228 1188 7
1189 1190 6
1189 1229 7
1191 1190 6
1190 1230 6
1231 1191 7
1192 1193 6
1194 1193 7
1194 1234 5
1236 1196 5
1198 1197 6
1198 1199 6
1238 1198 5
1199 1200 6
1239 1199 6
1201 1202 6
1203 1202 5
1202 1242 7
1203 1243 7
1206 1205 7
1205 1245 6
1206 1207 6
1206 1246 5
1207 1247 7
1208 1209 7
1248 1208 7
1210 1209 5
1209 1249 7
1210 1211 6
1250 1210 7
1211 1212 6
1251 1211 5
1213 1212 5
1214 1213 6
1213 1253 5
1215 1216 6
1215 1255 5
1217 1216 7
1218 1217 5
1217 1257 6
1219 1218 6
1219 1220 5
1220 1221 7
1220 1260 5
1222 1221 6
1221 1261 5
1222 1262 5
1223 1224 5
1223 1263 5
1224 1225 5
1264 1224 7
1225 1226 5
1225 1265 6
1266 1226 5
1227 1267 5
1228 1229 6
1268 1228 6
1230 1229 6
1230 1231 7
1270 1230 6
1231 1232 7
1271 1231 6
1232 1272 7
1233 1234 5
1233 1273 6
1234 1235 6
1234 1274 7
1235 1236 7
1235 1275 7
1237 1236 5
1237 1238 7
1238 1239 6
1238 1278 5
1239 1240 5
1279 1239 7
1242 1241 5
1281 1241 7
1243 1242 6
1282 1242 6
1244 1243 6
1283 1243 6
1244 1245 5
1244 1284 7
1245 1246 5
1245 1285 7
1247 1246 5
1286 1246 6
1247 1248 7
1287 1247 6
1249 1248 5
1248 1288 7
1250 1249 6
1249 1289 6
1250 1251 7
1290 1250 7
1252 1251 5
1251 1291 7
1253 1252 7
1292 1252 6
1293 1253 7
1294 1254 5
1255 1256 6
1295 1255 6
1256 1296 5
1257 1258 7
1297 1257 5
1259 1258 5
1259 1260 5
1299 1259 6
1261 1260 7
1300 1260 5
1262 1261 5
1301 1261 7
1262 1263 6
1302 1262 6
1264 1263 6
1264 1265 6
1304 1264 6
1266 1265 6
1267 1266 6
1306 1266 6
1267 1268 6
1307 1267 6
1268 1269 5
1269 1270 7
1269 1309 6
1271 1270 5
1270 1310 6
1271 1272 6
1311 1271 5
1272 1312 7
1274 1273 7
1274 1275 6
1275 1276 5
1275 1315 6
1276 1277 7
1276 1316 5
1278 1277 5
1277 1317 7
1279 1278 6
1318 1278 7
1279 1280 6
1279 1319 6
1281 1282 7
1282 1283 5
1283 1284 5
1323 1283 6
1284 1285 6
1284 1324 6
1286 1285 5
1285 1325 5
1287 1286 5
1326 1286 6
1288 1287 5
1327 1287 6
1288 1289 7
1288 1328 5
1289 1329 6
1291 1290 7
1290 1330 5
1293 1294 5
1293 1333 7
1295 1294 7
1297 1296 5
1296 1336 5
1298 1297 7
1297 1337 5
1299 1298 7
1298 1338 7
1339 1299 5
1340 1300 7
1301 1302 6
1341 1301 7
1344 1304 5
1305 1306 5
1305 1345 6
1306 1307 5
1346 1306 5
1307 1308 5
1308 1309 7
1348 1308 5
1310 1309 5
1309 1349 7
1310 1311 7
1310 1350 7
1311 1312 7
1311 1351 7
1312 1352 6
1314 1313 7
1314 1315 6
1354 1314 7
1316 1315 6
1315 1355 6
1317 1316 7
1356 1316 5
1317 1357 7
1319 1318 7
1358 1318 6
1319 1320 5
1319 1359 6
1361 1321 7
1362 1322 5
1323 1324 6
1324 1325 7
1324 1364 7
1325 1326 6
1325 1365 6
1326 1327 6
1366 1326 7
1328 1327 6
1328 1368 5
1329 1330 7
1369 1329 7
1331 1332 6
1371 1331 5
1333 1332 6
1372 1332 6
1334 1333 7
1334 1335 5
1334 1374 7
1335 1336 7
1336 1337 7
1376 1336 7
1338 1337 6
1377 1337 6
1339 1338 6
1378 1338 7
1340 1339 5
1379 1339 6
1340 1341 5
1340 1380 6
1381 1341 6
1343 1342 5
1342 1382 6
1343 1344 5
1343 1383 5
1344 1345 6
1345 1346 7
1385 1345 5
1346 1347 7
1346 1386 5
1348 1347 7
1347 1387 6
1349 1348 5
1348 1388 6
1350 1349 7
1349 1389 6
1350 1351 6
1390 1350 5
1353 1352 7
1352 1392 6
1354 1353 5
1393 1353 6
1354 1355 5
1394 1354 6
1356 1355 5
1355 1395 7
1357 1356 5
1356 1396 7
1357 1358 6
1357 1397 5
1358 1359 5
1360 1359 7
1359 1399 6
1361 1401 7
1363 1362 6
1364 1363 7
1403 1363 7
1364 1365 5
1404 1364 5
1366 1365 5
1405 1365 7
1366 1367 5
1406 1366 7
1407 1367 7
1408 1368 6
1370 1369 5
1369 1409 5
1371 1370 5
1410 1370 5
1372 1371 5
1371 1411 6
1373 1372 6
1412 1372 7
1374 1373 7
1375 1374 7
1414 1374 7
1376 1375 7
1415 1375 5
1377 1376 6
1416 1376 6
1378 1377 7
1377 1417 5
1378 1379 5
1418 1378 6
1380 1379 6
1379 1419 7
1420 1380 6
1382 1381 5
1421 1381 6
1383 1382 7
1384 1383 7
1423 1383 6
1384 1385 5
1424 1384 7
1385 1386 7
1425 1385 7
1386 1387 7
1387 1388 7
1427 1387 5
1388 1389 6
1429 1389 5
1391 1390 5
1391 1392 7
1431 1391 7
1392 1432 7
1394 1393 6
1433 1393 5
1395 1394 6
1434 1394 5
1395 1396 5
1395 1435 6
1397 1396 5
1436 1396 5
1397 1398 6
1397 1437 7
1398 1399 5
1438 1398 7
1399 1400 5
1402 1401 6
1441 1401 5
1403 1402 5
1442 1402 7
1404 1403 6
1405 1404 5
1405 1406 7
1405 1445 5
1406 1407 6
1408 1407 7
1407 1447 7
1409 1408 7
1408 1448 7
1410 1409 6
1409 1449 7
1410 1450 7
1451 1411 7
1413 1412 5
1452 1412 7
1413 1414 7
1453 1413 6
1414 1454 5
1415 1416 6
1416 1417 5
1416 1456 7
1418 1417 5
1419 1418 5
1458 1418 6
1419 1459 5
1461 1421 6
1423 1422 5
1462 1422 6
1463 1423 5
1425 1424 7
1464 1424 5
1426 1425 7
1425 1465 6
1426 1427 7
1467 1427 7
1468 1428 6
1429 1430 5
1430 1470 6
1431 1432 6
1431 1471 6
1432 1433 5
1472 1432 6
1433 1434 5
1473 1433 6
1434 1435 6
1434 1474 6
1435 1436 5
1435 1475 5
1437 1436 7
1437 1438 7
1477 1437 7
1439 1438 5
1478 1438 7
1439 1440 7
1439 1479 7
1441 1442 6
1441 1481 7
1442 1443 6
1444 1443 7
1483 1443 5
1444 1445 5
1484 1444 6
1446 1445 5
1445 1485 5
1446 1447 5
1447 1448 6
1447 1487 5
1449 1448 6
1448 1488 7
1449 1450 6
1449 1489 5
1451 1450 5
1490 1450 7
1452 1451 7
1492 1452 7
1453 1454 7
1453 1493 6
1494 1454 6
1495 1455 7
1456 1457 7
1458 1457 6
1459 1458 5
1498 1458 7
1460 1459 7
1499 1459 7
1461 1460 7
1500 1460 5
1461 1462 5
1461 1501 6
1502 1462 7
1464 1463 5
1463 1503 7
1465 1464 6
1464 1504 6
1466 1465 5
1465 1505 7
1466 1467 6
1468 1467 5
1507 1467 5
1508 1468 5
1469 1470 5
1471 1470 6
1471 1472 5
1471 1511 7
1473 1472 5
1512 1472 7
1473 1474 7
1474 1475 6
1514 1474 7
1475 1476 5
1475 1515 7
1476 1477 5
1476 1516 6
1478 1477 5
1477 1517 5
1479 1478 7
1518 1478 6
1479 1480 5
1482 1481 5
1481 1521 6
1482 1483 5
1483 1484 7
1483 1523 5
1484 1485 5
1484 1524 6
1487 1486 5
1486 1526 6
1487 1488 7
1487 1527 6
1489 1488 6
1528 1488 6
1490 1489 7
1491 1490 7
1530 1490 6
1492 1491 7
1531 1491 7
1492 1493 7
1492 1532 5
1494 1495 6
1535 1495 7
1498 1497 5
1537 1497 7
1498 1499 7
1538 1498 7
1500 1499 7
1500 1501 6
1500 1540 5
1501 1541 5
1502 1503 5
1503 1504 7
1503 1543 7
1504 1505 6
1504 1544 6
1506 1505 7
1505 1545 5
1546 1506 6
1507 1547 7
1508 1509 6
1508 1548 7
1549 1509 6
1511 1510 6
1510 1550 6
1511 1512 5
1551 1511 7
1512 1552 5
1513 1514 5
1513 1553 7
1554 1514 5
1515 1516 7
1516 1517 7
1518 1517 7
1518 1519 5
1558 1518 7
1519 1559 7
1522 1521 5
1521 1561 5
1523 1522 5
1562 1522 5
1524 1523 6
1563 1523 5
1524 1525 7
1564 1524 5
1525 1526 6
1566 1526 7
1567 1527 7
1528 1529 6
1529 1530 5
1569 1529 5
1531 1530 7
1570 1530 7
1531 1532 7
1571 1531 5
1533 1532 5
1532 1572 6
1534 1533 6
1533 1573 6
1534 1535 6
1536 1535 6
1537 1536 7
1576 1536 5
1537 1538 7
1577 1537 5
1538 1578 7
1540 1539 6
1579 1539 5
1540 1541 7
1541 1542 7
1541 1581 7
1542 1582 5
1543 1583 7
1584 1544 5
1545 1546 6
1545 1585 5
1547 1546 7
1548 1547 5
1547 1587 7
1549 1548 7
1548 1588 6
1550 1549 6
1551 1550 5
1590 1550 5
1552 1551 6
1591 1551 7
1552 1553 6
1592 1552 7
1554 1553 5
1593 1553 5
1554 1555 6
1556 1557 7
1556 1596 7
1557 1558 5
1558 1559 5
1558 1598 7
1560 1559 5
1599 1559 7
1561 1562 5
1561 1601 5
1562 1563 5
1602 1562 7
1563 1564 7
1563 1603 6
1565 1564 7
1604 1564 5
1566 1565 7
1565 1605 7
1567 1566 6
1566 1606 7
1568 1567 7
1569 1568 7
1568 1608 5
1569 1570 5
1609 1569 7
1570 1571 7
1571 1572 7
1571 1611 7
1612 1572 7
1573 1574 5
1613 1573 5
1575 1574 5
1614 1574 5
1576 1575 5
1615 1575 6
1576 1577 7
1576 1616 7
1578 1577 6
1617 1577 7
1578 1579 7
1618 1578 6
1579 1580 5
1619 1579 5
1581 1580 5
1580 1620 5
1582 1581 7
1584 1583 6
1583 1623 5
1584 1585 5
1585 1586 6
1585 1625 6
1587 1586 6
1626 1586 6
1588 1587 5
1627 1587 7
1588 1589 5
1588 1628 5
1589 1590 6
1589 1629 6
1590 1591 6
1591 1592 6
1591 1631 5
1592 1593 7
1592 1632 5
1594 1593 7
1593 1633 7
1594 1595 7
1594 1634 6
1596 1595 6
1635 1595 7
1636 1596 5
1598 1597 6
1597 1637 5
1598 1599 6
1598 1638 6
1639 1599 6
-1
